165	44	31	157	218	153	77	35	177	66
77	222	203	92	160	253	250	47	11	126
202	214	25	52	238	175	215	138	236	203
24	35	113	96	232	229	20	242	181	200
37	123	23	190	185	147	39	33	86	254
48	46	68	49	153	37	160	31	59	41
187	217	148	32	127	60	174	158	252	85
29	30	214	30	92	214	179	228	30	229
109	63	73	105	124	84	254	145	111	205
19	114	60	254	41	175	233	197	147	142

integral immages

165	209	240	397	615	768	845	880	1057	1123	
242	508	742	991	1369	1775	2102	2184	2372	2564	
444	924	1183	1484	2100	2681	3223	3443	3867	4262	
468	983	1355	1752	2600	3410	3972	4434	5039	5634	
505	1143	1538	2125	3158	4115	4716	5211	5902	6751	
553	1237	1700	2336	3522	4516	5277	5803	6553	7443	
740	1641	2252	2920	4233	5287	6222	6906	7908	8883	
769	1700	2525	3223	4628	5896	7010	7922	8954	10158	
878	1872	2770	3573	5102	6454	7822	8879	10022	11431	
897	2005	2963	4020	5590	7117	8718	9972	11262	12813	
